No 1.
Bubble : 
1. 14 6 23 18 7 47 2 83 16 38
2. 6 14 18 7 23 2 47 16 38 83   
3. 6 14 7 18 2 23 16 38 47 83
4. 6 7 14 2 18 16 23 38 47 83
5. 6 7 2 14 16 18 23 38 47 83
6. 6 2 7 14 16 18 23 38 47 83
7. 2 6 7 14 16 18 23 38 47 83 (selesai)

Selection : 
1. 2 6 23 18 7 47 14 83 16 38
2. 2 6 23 18 7 47 14 83 16 38
3. 2 6 7 18 23 47 14 83 16 38
4. 2 6 7 14 23 47 18 83 16 38
5. 2 6 7 14 16 47 18 83 23 38
6. 2 6 7 14 16 18 47 83 23 38
7. 2 6 7 14 16 18 23 83 47 38
8. 2 6 7 14 16 18 23 38 47 83 (selesai)

Insertion : 
1. 6 14 23 18 7 47 2 83 16 38
2. 6 14 23 18 7 47 2 83 16 38
3. 6 14 18 23 7 47 2 83 16 38
4. 6 7 14 18 23 47 2 83 16 38
5. 6 7 14 18 23 47 2 83 16 38
6. 2 6 7 14 18 23 47 83 16 38
7. 2 6 7 14 18 23 47 83 16 38
8. 2 6 7 14 16 18 23 47 83 38
9. 2 6 7 14 16 18 23 38 47 83 (selesai)

No 2. 14 6 23 18 7 47 2 83 16 38
Quick Sort (Ascending) :
1. [6 7 2] 14 [23 18 47 83 16 38] pivot = 14.
2. [2 6 7] 14 [18 16] 23 [47 83 38]
3. 2 6 7 14 16 18 23 38 47 83

Merge Sort (Ascending) : 
1. [14 6 23 18 7] [47 2 83 16 38]
2. [14 6 23] [18 7] [47 2 83] [16 38]
3. [14] [6] [23] [18] [7] [47] [2] [83] [16] [38]
4. [6 14] [18 23] [7] [2 47] [16 83] [38]
5. [6 14 18 23] [7] [2 47 83] [16 38]
6. [6 7 14 18 23] [2 16 38 47 83]
7. [2 6 7 14 16 18 23 38 47 83]